1 0 0 0
2 0 0 0
3 0 0 0
4 0 0 0
5 0 0 0
6 0 0 0
7 0 0 0
8 0 0 0
9 1 0 0
10 1 0 0
11 1 0 0
12 1 0 0
13 1 1 0
14 1 1 1
15 2 1 0
16 2 1 1
17 2 1 1
18 3 1 1
19 3 1 1
20 3 1 1
21 3 1 1
22 3 2 2
23 3 2 2
24 3 2 2
25 4 2 2
26 4 2 2
27 5 3 2
28 5 3 3
29 5 3 3
30 5 3 3
31 6 3 3
32 5 4 3
33 6 4 4
34 6 4 4
35 7 4 4
36 7 5 4
37 7 5 5
38 8 5 4
39 8 5 5
40 8 6 5
41 9 6 5
42 9 6 6
43 9 7 6
44 9 7 6
45 10 7 6
46 11 7 7
47 12 8 7
48 11 8 8
49 11 8 8
50 12 9 8
51 12 9 8
52 13 10 8
53 13 10 9
54 14 10 9
55 14 10 10
56 15 11 10
57 15 11 10
58 17 12 10
59 16 12 12
60 16 13 11
61 17 13 12
62 17 13 12
63 17 14 13
64 18 14 13
65 19 15 13
66 19 15 13
67 20 15 14
68 20 16 15
69 20 16 14
70 22 17 15
71 23 17 16
72 22 18 17
73 24 18 18
74 23 19 16
75 23 19 17
76 24 19 18
77 25 20 18
78 26 21 18
79 27 21 18
80 27 28 31
81 19 16 13
82 20 16 15
83 20 16 15
84 21 17 15
85 21 17 15
86 21 18 15
87 24 18 17
88 22 18 17
89 23 19 17
90 23 19 17
91 23 19 18
92 24 20 19
93 25 20 18
94 25 20 19
95 28 21 20
96 27 22 20
97 27 22 20
98 29 22 20
99 28 23 21
100 28 23 22
101 28 24 22
102 32 24 22
103 29 25 22
104 30 25 23
105 30 26 24
106 30 26 24
107 31 27 25
108 31 27 25
109 32 28 27
110 34 28 26
111 33 28 27
112 34 29 27
113 35 30 27
114 36 30 27
115 35 31 29
116 37 31 28
117 38 32 29
118 37 32 30
119 39 32 30
120 39 33 31
121 39 34 31
122 39 34 32
123 41 35 32
124 41 36 33
125 41 36 33
126 43 37 35
127 46 38 34
128 43 38 35
129 44 38 36
130 44 39 36
131 45 39 38
132 45 41 38
133 47 42 40
134 49 42 38
135 73 42 40
136 48 43 87
137 63 43 39
138 50 43 41
139 50 45 61
140 43 38 36
141 45 44 36
142 47 39 37
143 48 79 38
144 56 58 40
145 46 88 38
146 55 51 38
147 47 42 40
148 53 43 39
149 48 43 40
150 49 43 41
151 48 44 41
152 49 44 42
153 50 45 41
154 50 46 42
155 52 46 45
156 53 47 43
157 57 73 43
158 60 91 50
159 54 49 45
160 66 68 66
161 100 71 68
162 91 79 79
163 91 71 80
164 98 83 78
165 76 74 72
166 89 78 77
167 92 78 80
168 70 75 78
169 75 73 77
170 79 56 52
171 61 56 52
172 65 57 53
173 63 57 53
174 63 58 55
175 65 58 60
176 49 45 43
177 50 46 44
178 54 47 43
179 50 47 44
180 51 63 72
181 75 48 45
182 52 49 46
183 54 49 46
184 54 50 56
185 45 42 40
186 46 45 55
187 46 43 40
188 47 43 41
189 48 43 54
190 52 58 61
191 65 60 56
192 76 58 47
193 86 43 38
194 46 43 39
195 46 43 41
196 48 44 41
197 48 44 42
198 64 51 49
199 63 45 43
200 49 46 43
201 50 46 43
202 50 47 44
203 50 47 44
204 51 48 45
205 51 48 46
206 62 49 45
207 57 49 46
208 52 49 47
209 58 50 47
210 54 50 48
211 54 51 48
212 54 51 48
213 55 52 48
214 55 53 50
215 55 53 51
216 56 53 51
217 56 54 50
218 57 54 51
219 57 55 51
220 58 55 52
221 58 56 52
222 59 57 53
223 60 57 54
224 61 57 54
225 61 58 73
226 63 77 53
227 60 57 54
228 60 58 55
229 60 58 55
230 61 59 56
231 61 59 70
232 60 58 55
233 61 58 55
234 61 59 55
235 62 59 56
236 62 60 57
237 63 60 60
238 72 61 58
239 64 61 58
240 64 62 59
241 65 62 58
242 66 75 58
243 63 62 59
244 64 83 75
245 64 63 60
246 65 63 60
247 65 64 82
248 66 65 60
249 66 65 61
250 66 73 70
251 68 66 63
252 81 64 61
253 66 65 63
254 67 66 63
255 68 66 63
256 68 66 63
257 69 67 63
258 69 67 65
259 69 68 65
260 70 70 65
261 71 71 66
262 71 72 72
263 78 70 72
264 77 71 67
265 72 71 67
266 73 72 68
267 74 72 69
268 74 73 69
269 75 73 70
270 75 74 69
271 83 74 70
272 77 75 71
273 77 76 72
274 78 76 72
275 78 76 73
276 78 77 74
277 79 78 74
278 80 78 75
279 80 79 75
280 81 79 76
281 81 80 76
282 82 80 76
283 82 81 77
284 83 82 79
285 83 82 78
286 84 83 79
287 84 83 80
288 85 84 80
289 85 85 81
290 86 85 81
291 87 86 82
292 87 86 82
293 88 86 82
294 89 87 83
295 89 88 83
296 90 88 107
297 90 89 86
298 91 89 86
299 91 90 86
300 92 91 87
301 92 91 87
302 92 94 88
303 94 97 90
304 94 93 89
305 95 94 90
306 95 94 90
307 95 95 91
308 95 95 92
309 97 96 92
310 99 97 93
311 97 97 93
312 98 98 93
313 99 99 96
314 100 100 95
315 100 100 96
316 101 101 95
317 102 101 96
318 103 102 98
319 107 103 98
320 104 103 99
321 104 104 99
322 105 105 101
323 106 105 101
324 106 106 101
325 107 106 102
326 107 107 103
327 108 108 103
328 109 109 104
329 110 109 106
330 111 110 105
331 111 110 106
332 112 111 107
333 113 112 106
334 113 112 107
335 115 115 108
336 115 114 109
337 115 114 110
338 116 115 109
339 129 112 108
340 114 113 108
341 115 114 109
342 115 114 110
343 116 115 110
344 117 116 111
345 117 116 112
346 118 117 112
347 147 173 113
348 129 119 114
349 121 119 115
350 121 120 115
351 123 121 115
352 122 121 116
353 127 122 117
354 124 123 118
355 124 123 120
356 125 124 119
357 125 125 119
358 128 125 121
359 136 126 120
360 128 127 122
361 128 182 176
362 130 130 123
363 130 129 122
364 131 130 126
365 136 130 136
366 128 127 123
367 128 128 123
368 129 129 124
369 130 201 125
370 132 130 125
371 132 131 125
372 133 131 127
373 133 132 128
374 137 133 128
375 135 134 128
376 135 134 129
377 145 135 131
378 137 135 130
379 138 136 133
380 157 154 133
381 137 138 133
382 139 175 134
383 140 140 134
384 140 140 134
385 142 141 135
386 144 141 138
387 142 142 136
388 143 143 137
389 145 144 138
390 145 145 139
391 146 145 140
392 148 146 140
393 148 147 141
394 148 147 142
395 148 149 142
396 149 149 143
397 150 149 144
398 151 150 145
399 151 151 146
400 151 152 147
401 153 153 147
402 154 153 148
403 154 154 149
404 155 155 148
405 156 156 150
406 157 157 151
407 157 157 151
408 158 158 152
409 221 177 153
410 160 160 153
411 161 160 155
412 161 161 155
413 161 162 156
414 162 163 156
415 162 164 157
416 283 164 159
417 165 165 160
418 165 166 161
419 166 166 160
420 167 168 162
421 167 168 162
422 169 169 163
423 169 170 164
424 171 170 165
425 171 172 166
426 173 172 167
427 173 172 167
428 174 174 169
429 174 211 168
430 182 176 170
431 175 197 187
432 177 177 171
433 177 178 172
434 178 178 173
435 178 179 173
436 179 180 174
437 180 181 175
438 202 222 194
439 183 183 176
440 183 184 177
441 183 185 178
442 184 185 179
443 185 264 229
444 220 187 181
445 187 188 181
446 187 190 182
447 190 189 182
448 190 190 184
449 191 191 185
450 191 192 185
451 192 193 186
452 193 194 187
453 194 194 189
454 194 195 189
455 195 196 190
456 195 197 190
457 197 197 275
458 258 239 276
459 327 347 349
460 234 263 236
461 205 206 199
462 206 243 200
463 207 208 201
464 208 209 239
465 314 312 204
466 209 211 204
467 210 211 206
468 214 213 206
469 213 214 207
470 214 214 208
471 215 216 208
472 229 216 210
473 228 217 210
474 217 218 212
475 217 296 212
476 220 220 213
477 219 221 214
478 220 222 215
479 222 223 216
480 222 224 216
481 223 225 217
482 224 225 218
483 225 227 220
484 225 227 221
485 227 229 221
486 227 229 224
487 228 230 223
488 236 231 223
489 231 232 225
490 241 233 226
491 231 234 228
492 234 235 227
493 235 236 229
494 346 237 229
495 235 238 231
496 237 239 231
497 237 239 232
498 239 241 233
499 239 242 234
500 240 243 236
501 246 244 236
502 247 245 237
503 243 246 238
504 243 247 239
505 245 248 240
506 247 248 241
507 266 243 235
508 242 244 237
509 242 245 238
510 244 246 238
511 244 246 238
512 245 248 240
513 246 248 241
514 247 250 242
515 248 250 243
516 249 251 243
517 251 253 244
518 251 254 246
519 252 255 247
520 253 255 248
521 255 257 248
522 255 258 250
523 256 258 251
524 257 259 252
525 258 261 252
526 372 261 253
527 260 263 254
528 262 263 255
529 263 265 256
530 263 265 258
531 264 266 259
532 265 267 259
533 266 269 260
534 267 269 261
535 268 269 262
536 269 272 262
537 280 272 264
538 274 273 265
539 272 275 317
540 325 339 369
541 274 277 267
542 275 277 269
543 275 278 270
544 409 333 288
545 285 288 279
546 286 289 281
547 288 290 281
548 289 291 282
549 288 292 283
550 290 293 284
551 293 294 285
552 292 295 287
553 294 296 287
554 294 339 289
555 305 298 290
556 295 299 291
557 297 300 291
558 300 301 293
559 300 302 294
560 300 304 295
561 302 304 296
562 305 305 296
563 303 307 336
564 305 344 336
565 413 309 300
566 307 310 300
567 317 311 303
568 310 312 303
569 310 313 303
570 313 314 305
571 313 315 307
572 314 317 310
573 315 318 309
574 476 397 315
575 329 330 321
576 398 409 348
577 355 322 312
578 321 323 314
579 350 375 316
580 323 325 316
581 325 327 429
582 368 337 316
583 340 423 331
584 337 367 341
585 394 367 321
586 330 332 346
587 339 342 333
588 344 344 335
589 344 344 335
590 345 346 335
591 346 347 338
592 348 383 339
593 346 348 340
594 358 351 343
595 351 368 382
596 366 352 326
597 352 354 344
598 353 355 346
599 356 361 347
600 356 357 348
601 357 358 350
602 363 360 349
603 358 368 352
604 360 381 354
605 360 364 354
606 361 364 355
607 364 366 356
608 364 367 358
609 366 368 358
610 368 369 359
611 368 371 361
612 369 371 362
613 370 372 366
614 371 383 354
615 362 365 356
616 363 367 357
617 364 368 358
618 365 388 378
619 366 370 359
620 367 371 362
621 368 372 361
622 370 374 364
623 373 374 438
624 373 376 367
625 374 377 368
626 375 379 368
627 376 380 406
628 378 381 371
629 379 383 372
630 380 383 374
631 380 385 376
632 443 376 365
633 372 377 366
634 377 379 369
635 376 380 371
636 377 381 371
637 379 382 373
638 379 383 373
639 381 386 374
640 380 386 375
641 381 386 377
642 383 388 378
643 385 389 380
644 386 409 475
645 615 461 381
646 389 392 383
647 391 394 385
648 392 395 387
649 411 407 395
650 405 408 434
651 405 410 400
652 406 411 400
653 407 411 401
654 408 413 402
655 410 414 403
656 596 417 406
657 420 399 394
658 403 407 398
659 405 408 399
660 408 410 400
661 406 411 401
662 408 411 402
663 409 414 495
664 411 414 405
665 412 415 405
666 413 416 407
667 530 454 409
668 414 420 409
669 415 420 411
670 417 422 412
671 418 424 412
672 420 425 414
673 420 426 415
674 423 427 417
675 424 428 484
676 437 456 419
677 427 431 420
678 498 432 422
679 428 433 424
680 440 435 424
681 429 435 425
682 430 541 424
683 433 438 426
684 434 439 430
685 436 441 430
686 446 442 430
687 438 443 434
688 440 445 434
689 440 446 435
690 446 447 437
691 442 449 438
692 444 450 440
693 446 451 440
694 455 453 440
695 460 454 542
696 466 503 473
697 567 718 567
698 669 581 536
699 674 557 616
700 672 599 613
701 653 617 604
702 592 575 600
703 597 613 627
704 647 654 620
705 628 626 602
706 597 553 601
707 615 601 611
708 623 684 611
709 484 499 487
710 498 500 489
711 505 501 491
712 501 501 524
713 484 511 494
714 502 505 493
715 502 505 495
716 504 507 495
717 506 509 498
718 506 510 502
719 508 512 500
720 515 517 502
721 509 514 502
722 510 515 505
723 511 517 504
724 514 519 506
725 516 520 508
726 518 524 511
727 518 523 510
728 519 524 512
729 522 526 515
730 523 527 512
731 524 529 514
732 542 517 507
733 514 517 545
734 516 520 508
735 515 520 509
736 517 522 510
737 518 523 512
738 520 525 510
739 600 592 550
740 525 527 515
741 522 529 518
742 523 530 518
743 527 531 519
744 527 533 529
745 516 524 508
746 523 522 510
747 520 524 726
748 595 601 548
749 522 526 515
750 523 527 531
751 537 544 531
752 546 545 533
753 541 588 535
754 542 547 536
755 544 624 537
756 544 550 537
757 546 595 539
758 547 589 541
759 549 555 545
760 551 556 544
761 552 558 542
762 641 559 557
763 652 546 534
764 542 547 536
765 544 549 572
766 546 550 539
767 547 658 611
768 748 711 598
769 705 644 556
770 701 630 559
771 821 642 559
772 568 608 561
773 571 614 583
774 586 592 581
775 589 594 580
776 596 645 583
777 593 597 582
778 592 598 583
779 594 607 572
780 627 586 573
781 583 587 576
782 628 588 636
783 586 624 577
784 586 591 579
785 587 593 579
786 589 594 582
787 590 598 583
788 592 597 585
789 628 598 665
790 595 600 587
791 597 603 590
792 648 604 591
793 601 605 594
794 601 606 594
795 603 608 594
796 608 654 582
797 590 594 583
798 591 598 620
799 593 598 585
800 595 599 588
801 597 600 590
802 598 602 702
803 599 605 592
804 602 607 593
805 602 606 593
806 603 609 597
807 605 609 598
808 607 611 600
809 609 650 600
810 612 614 602
811 619 616 604
812 614 617 777
813 615 618 606
814 617 621 610
815 618 621 719
816 619 623 611
817 798 659 640
818 639 645 630
819 640 645 632
820 643 646 635
821 643 648 635
822 644 652 636
823 646 652 638
824 649 653 640
825 696 655 641
826 651 656 677
827 728 691 646
828 698 659 646
829 656 661 647
830 657 662 648
831 665 705 695
832 718 704 653
833 661 666 654
834 662 669 734
835 706 715 658
836 666 671 661
837 667 673 660
838 669 675 663
839 670 677 702
840 671 716 666
841 673 680 668
842 675 694 652
843 659 665 759
844 663 666 654
845 663 669 657
846 743 669 654
847 668 671 658
848 670 673 659
849 671 674 657
850 672 677 665
851 674 727 678
852 673 680 663
853 682 681 667
854 676 683 670
855 677 685 670
856 678 765 669
857 680 689 675
858 682 689 676
859 682 691 677
860 691 693 681
861 685 769 681
862 687 696 681
863 775 774 818
864 690 699 685
865 692 701 686
866 694 702 690
867 695 704 692
868 704 705 692
869 698 708 695
870 700 709 695
871 700 710 697
872 703 713 699
873 706 714 698
874 705 824 701
875 707 717 778
876 715 718 703
877 717 720 705
878 713 796 706
879 714 723 923
880 766 765 753
881 806 746 733
882 737 747 736
883 741 862 793
884 812 931 771
885 764 775 791
886 813 774 760
887 766 776 762
888 814 777 762
889 769 779 763
890 775 781 767
891 773 785 767
892 778 785 801
893 780 786 768
894 779 788 771
895 788 790 772
896 782 792 777
897 787 803 827
898 766 810 762
899 803 775 797
900 767 813 762
901 805 815 762
902 774 782 771
903 775 784 766
904 775 786 767
905 782 855 772
906 775 768 755
907 758 770 754
908 840 771 838
909 762 773 759
910 764 774 758
911 766 776 761
912 768 779 764
913 826 779 765
914 771 780 766
915 773 895 878
916 775 784 773
917 776 787 772
918 780 823 773
919 780 790 775
920 789 791 778
921 783 794 778
922 840 795 841
923 882 797 782
924 789 798 779
925 791 912 786
926 794 823 983
927 816 826 809
928 817 829 810
929 820 830 813
930 823 830 814
931 823 833 815
932 826 984 816
933 826 836 821
934 833 872 830
935 920 817 800
936 809 820 803
937 811 822 807
938 858 823 805
939 813 825 810
940 815 826 810
941 820 829 813
942 821 831 834
943 838 832 816
944 824 835 930
945 825 836 820
946 829 837 820
947 829 839 818
948 831 840 826
949 833 841 897
950 863 844 829
951 837 846 832
952 837 958 867
953 840 849 870
954 952 850 836
955 844 853 838
956 844 855 841
957 848 856 842
958 850 895 843
959 852 861 845
960 855 862 845
961 854 863 847
962 935 865 850
963 857 954 850
964 860 869 854
965 861 871 851
966 863 872 856
967 864 874 855
968 872 875 859
969 867 878 862
970 868 880 856
971 872 881 863
972 873 965 869
973 875 886 939
974 878 886 941
975 880 889 872
976 881 890 876
977 883 893 875
978 885 928 879
979 887 896 880
980 887 897 880
981 888 1097 918
982 889 901 922
983 892 904 883
984 896 905 888
985 901 907 890
986 897 909 894
987 899 911 894
988 961 912 976
989 903 914 1118
990 1095 1100 963
991 956 969 950
992 960 970 953
993 964 970 954
994 962 972 956
995 984 1013 934
996 941 952 935
997 943 953 936
998 1074 990 943
999 923 932 916
1000 949 935 917
