1 0 0 17 7
2 0 27 1 4
3 0 0 0 4
4 0 0 0 4
5 0 0 0 4
6 0 0 0 4
7 0 0 0 4
8 0 0 0 3
9 1 0 0 3
10 1 0 0 3
11 2 0 0 3
12 3 0 0 4
13 5 0 0 4
14 8 0 0 4
15 13 0 0 5
16 21 0 0 4
17 34 0 0 4
18 60 0 0 4
19 134 0 1 19
20 145 0 0 4
21 234 0 0 4
22 382 0 0 4
23 612 0 0 4
24 878 0 0 4
25 1135 0 0 5
26 1913 0 1 13
27 2901 0 0 12
28 4729 0 0 18
29 5454 0 0 10
30 7844 0 0 12
31 11912 0 0 12
32 16369 0 0 11
33 24931 0 0 10
34 41005 0 0 11
35 64918 0 0 10
36 103562 0 0 11
37 164968 0 0 10
38 268337 0 0 12
39 445496 0 0 8
40 715311 0 0 12
41 1130703 0 0 11
42 1865485 0 0 10
43 3004702 0 0 12
44 4861132 0 0 12
