1 240344 126085 125840
2 97936 77085 77481
3 82855 75454 75641
4 59459 53488 53549
5 56496 53582 53580
6 57017 53593 53613
7 55737 46513 46392
8 41918 41637 41258
9 44249 41221 41160
10 41797 41204 40930
11 41503 40847 40849
12 41559 41206 41055
13 41580 40674 40835
14 40855 38709 38592
15 37913 38363 37816
16 33602 33418 33200
17 33498 33120 33105
18 33529 33180 33039
19 33481 33236 33243
20 33517 33174 33247
21 33482 33117 33267
22 33500 33153 33217
23 33482 33147 33127
24 33253 32397 32398
25 32599 32424 32211
26 33492 32239 32309
27 33326 32313 32413
28 32619 32207 32344
29 32604 32229 32284
30 32580 32381 32335
31 30490 28865 28783
32 27654 27439 27568
33 27636 27446 27553
34 27622 27447 27482
35 27627 27400 27500
36 27836 26730 26798
37 26929 46382 47156
38 27831 26851 26888
39 26898 26652 26777
40 26929 26794 26869
41 26937 26693 26678
42 28414 26669 26882
43 26917 26752 26835
44 26908 26682 26734
45 26944 26740 26691
46 26913 26818 26777
47 26912 26797 67037
48 31075 26808 26732
49 26908 26716 26790
50 28545 26809 26858
51 27621 27488 27491
52 27840 26743 26773
53 30925 26828 26686
54 26923 26769 26782
55 26933 26699 26767
56 26903 26734 26842
57 26921 26678 26697
58 26915 26910 26837
59 26945 26785 26751
60 26924 26734 26795
61 26907 26780 26832
62 26241 24721 24514
63 22115 21980 22035
64 22102 22117 21994
65 22099 22062 21928
66 22087 21962 22017
67 23632 22087 21977
68 22093 22056 21942
69 22045 21951 41525
70 31431 23348 58382
71 28192 23678 23159
72 25246 23147 23121
73 23212 23140 23135
74 23233 23108 23203
75 23232 23184 23079
76 23224 23101 23066
77 23281 23140 23240
78 23238 23095 23178
79 23215 23020 23250
80 23457 22539 22644
81 22607 22588 22482
82 23357 22527 22495
83 22613 22435 22524
84 22602 22450 22558
85 22624 22595 22502
86 22648 22579 22569
87 22613 22562 22511
88 22610 22531 22514
89 22460 21883 21953
90 22039 21886 21974
91 22038 21876 21956
92 22047 22008 21950
93 23262 21877 21806
94 22077 21997 22003
95 22039 21987 22035
96 22040 21890 21903
97 22021 21941 21920
98 22814 21938 21911
99 22024 22020 21895
100 22036 21908 21905
101 22034 21987 21990
102 22031 21979 21908
103 22066 21910 21919
104 22034 21888 21925
105 22033 21898 21900
106 22038 21969 21947
107 22024 21850 21976
108 22041 21895 22046
109 22040 21917 21946
110 23563 21957 21925
111 22075 21839 21992
112 22038 21855 21970
113 22023 21908 21941
114 22795 21961 21901
115 22029 21970 22023
116 22031 21914 22093
117 22047 21957 21940
118 22036 21978 21941
119 22030 21998 21912
120 22065 22015 21981
121 22032 21953 21980
122 22033 21968 21951
123 22377 21861 21940
124 22033 21881 21938
125 17244 17258 17175
126 17970 17172 17211
127 17249 17237 17188
128 17228 17154 17191
129 17243 17246 17166
130 17261 17183 17225
131 17242 17207 17186
132 20507 17213 17125
133 17231 17115 17238
134 17231 17217 17109
135 17246 17125 17201
136 17248 17104 17220
137 18608 17680 17624
138 20832 17239 17235
139 17257 17196 17186
140 17280 17147 17237
141 17241 17218 17183
142 17238 17273 17239
143 17240 17158 17220
144 19126 17641 17663
145 17690 17667 17614
146 17710 17658 17656
147 17702 17655 17744
148 17703 17639 17668
149 17699 17722 17630
150 17689 17573 17596
151 17723 17714 17668
152 17699 17681 17605
153 17701 17708 17647
154 17695 17636 17661
155 17710 17107 17313
156 17250 17135 17135
157 17244 17120 17151
158 17233 17068 17204
159 18717 17269 17120
160 17247 17197 17154
161 18799 17175 17235
162 17268 17253 17206
163 17242 17182 17083
164 17249 17176 17182
165 17236 17155 17180
166 17237 17224 17167
167 17243 17171 17210
168 17251 17254 17136
169 17231 17217 17202
170 17234 17147 17214
171 17248 17217 17109
172 17656 17590 17616
173 17260 17087 17170
174 17245 17206 17202
175 17234 17234 17196
176 17244 17125 17128
177 17235 17155 17262
178 17246 18254 17145
179 17249 17162 17203
180 17249 17118 17184
181 17251 17196 17238
182 17257 17089 17234
183 17245 17162 17183
184 17262 17191 17131
185 17231 17191 17276
186 17236 17165 17102
187 17223 17196 17158
188 17226 17237 17147
189 17251 17120 17230
190 17232 17266 17182
191 17240 17178 17191
192 17247 17145 17280
193 18728 17234 17105
194 17237 17236 17185
195 17268 17202 17210
196 17238 17237 17247
197 17242 17246 17095
198 17243 17186 17238
199 17242 17200 17152
200 17258 17183 17160
201 17240 17229 17211
202 17239 17158 17114
203 17241 17319 17127
204 17238 17281 17266
205 17244 17014 17174
206 17253 17103 17143
207 17253 17246 17191
208 17237 17244 17165
209 17225 17162 17144
210 17242 17293 17202
211 17239 17161 17257
212 17232 17187 17126
213 17240 17145 17150
214 18008 17186 17299
215 17247 17244 17200
216 17242 17255 17121
217 17272 17178 17170
218 17243 17189 17237
219 17238 17220 17113
220 17246 17233 17167
221 17236 17188 17175
222 18712 17208 17185
223 17249 17185 17183
224 17241 17089 17150
225 17238 17255 17106
226 17983 17107 17195
227 17240 17171 17266
228 17268 17233 17221
229 17234 17195 17133
230 17238 17231 17188
231 17228 17184 17135
232 18796 17248 17243
233 17251 17181 17185
234 17255 17213 17199
235 17245 17167 17132
236 17243 17180 17183
237 17252 17234 17194
238 17257 17176 17265
239 18713 17220 17158
240 17252 17219 17195
241 17251 17197 17138
242 17254 17204 17206
243 17291 17215 17176
244 18635 17249 17190
245 17255 17227 17189
246 17244 17205 17043
247 17249 17131 17213
248 17242 17215 17217
249 17248 17132 17127
250 12548 12399 12525
251 12552 12516 12535
252 12547 12471 12555
253 12551 12508 12601
254 14028 12467 12628
255 12583 12498 12511
256 12549 12546 12544
257 12546 12502 12510
258 12551 12514 12621
259 13287 12523 12408
260 12551 12495 12462
261 12545 12531 12540
262 12554 12606 12502
263 12556 12535 12523
264 12550 12481 12509
265 12559 12472 12569
266 12551 12522 12532
267 12544 12384 12549
268 12547 12493 12486
269 12549 12506 12483
270 12583 12526 12592
271 12540 12501 12508
272 12549 12518 12434
273 12554 12484 12455
274 12547 12503 12452
275 12548 12513 12445
276 17266 13191 29684
277 14039 12513 12539
278 12563 12491 12481
279 12550 12521 12550
280 12549 12483 12556
281 12546 12516 12529
282 12543 12547 12484
283 12553 12403 12549
284 12878 12918 12953
285 12909 12849 12866
286 12867 12722 12891
287 12881 12809 12858
288 12881 12862 12895
289 12869 12891 12800
290 12880 12870 12878
291 12882 12849 12859
292 12880 12862 12865
293 12879 12765 12812
294 12884 12838 12718
295 12874 12852 12864
296 12872 12902 12811
297 12869 12779 12817
298 16568 12832 12839
299 13010 12501 12597
300 12541 12527 12539
301 12561 12453 12466
302 12537 12536 12499
303 12557 12460 12526
304 12550 12591 12474
305 12555 12483 12538
306 12555 12485 12564
307 12546 12514 12513
308 12552 12484 12458
309 12552 12477 12480
310 12543 12561 12475
311 12544 12559 12508
312 12546 12428 12491
313 12542 12493 12529
314 12546 12533 12548
315 12550 12466 12606
316 12548 12479 12480
317 12542 12546 12535
318 12553 12450 12488
319 12551 12498 12486
320 12545 12489 12511
321 12544 12500 12463
322 14346 12598 12513
323 12558 12541 12605
324 12546 12492 12480
325 12545 12576 12495
326 12550 12461 12486
327 12548 12534 12463
328 12560 12486 12457
329 12550 12510 13783
330 12541 12445 12524
331 12554 12576 12448
332 12555 12537 12496
333 12565 12542 12541
334 12562 12545 12533
335 12539 12442 12594
336 12554 12575 12432
337 12556 12544 12565
338 12547 12569 12540
339 12545 12492 12507
340 12557 12544 12503
341 12552 12438 12538
342 12551 12524 12576
343 12540 12476 12529
344 12552 12445 12447
345 12574 12482 12482
346 12562 12485 12490
347 12555 12493 12569
348 14747 12460 12518
349 12543 12548 12484
350 12555 12564 12483
351 12558 12472 12593
352 12551 12465 12520
353 12548 12560 12533
354 12541 12492 12571
355 12543 12543 12542
356 12541 12599 12531
357 12540 12519 12542
358 13289 12519 12477
359 12559 12542 12581
360 12570 12513 12509
361 12551 12463 12537
362 12548 12549 12490
363 12546 12561 12513
364 12557 12450 12460
365 12540 12484 12511
366 12552 12547 12525
367 12555 12427 12497
368 12553 12510 12523
369 12544 12491 12505
370 12544 12414 12542
371 12544 12526 12604
372 12555 12531 12483
373 12551 12436 12523
374 12546 12578 12495
375 12577 12523 12536
376 14137 13184 13185
377 13243 12535 12556
378 12540 12503 12492
379 12548 12485 12525
380 12547 12595 12456
381 12549 12599 12545
382 12549 12493 12599
383 12543 12514 12472
384 12553 12544 12547
385 12556 12568 12539
386 12549 12568 12467
387 12550 12517 12499
388 12542 12475 12481
389 12552 12503 12440
390 12571 12465 12500
391 12542 12504 12560
392 12544 12527 12490
393 12550 12550 12592
394 12552 12467 12575
395 15691 12549 12518
396 14084 12936 12877
397 12901 12500 12514
398 12553 12622 12446
399 12558 12436 12544
400 12564 12532 12518
401 12556 12587 12483
402 12550 12484 12492
403 12549 12542 12513
404 12967 12835 12823
405 12885 12531 12462
406 12543 12482 12554
407 12558 12481 12539
408 12555 12509 12492
409 12543 12410 12493
410 12547 12518 12464
411 12577 12536 12551
412 12556 12473 12551
413 12554 12491 12536
414 12547 12496 12519
415 12558 12413 12446
416 12554 12503 12491
417 12554 12616 12467
418 12552 12458 12527
419 12553 12458 12549
420 12554 12567 12525
421 12555 12490 12606
422 12562 12428 12564
423 12548 12441 12505
424 12553 12494 12534
425 14015 12522 12491
426 12582 12513 12474
427 12550 12530 12495
428 12545 12497 12519
429 12551 12486 12545
430 12546 12579 12447
431 12552 12531 12494
432 12551 12546 12501
433 14047 12478 12455
434 12557 12516 12484
435 12555 12517 12539
436 12550 12497 12503
437 12542 12545 12447
438 12553 12490 12571
439 12549 12594 12516
440 12547 12557 12497
441 12572 12511 12551
442 12555 12496 12518
443 12561 12519 12546
444 12547 12531 12481
445 12549 12456 12509
446 12545 12595 12496
447 12542 12511 12564
448 12546 12566 12580
449 12557 12542 12523
450 12556 12476 12533
451 12576 12458 12504
452 12552 12576 12510
453 12951 12851 12972
454 12879 12519 12556
455 12554 12523 12536
456 12573 12528 12432
457 12561 12494 12517
458 12562 12588 12541
459 12539 12500 12424
460 12547 12514 12503
461 15209 12498 12599
462 12591 12542 12521
463 12578 12461 12510
464 12560 12523 12512
465 12559 12566 12618
466 12566 12505 12520
467 12555 12579 12468
468 12561 12476 12562
469 12555 12402 12499
470 12562 12551 12450
471 12562 12508 12576
472 12562 12481 12485
473 12567 12487 12427
474 12562 12478 12482
475 12561 12477 12458
476 12602 12464 12539
477 12547 12478 12434
478 12547 12497 12549
479 12555 12507 12433
480 12551 12497 12516
481 12544 12466 12469
482 12560 12477 12493
483 12557 12503 12497
484 12554 12518 12557
485 12561 12558 12434
486 12558 12510 12502
487 12551 12473 12397
488 12548 12567 12541
489 13999 12497 12492
490 12553 12539 12523
491 12584 12516 12525
492 12543 12526 12523
493 12555 12586 12543
494 12543 12488 12525
495 12545 12461 12523
496 12548 12527 12512
497 12552 12512 12507
498 12544 12492 12487
499 12546 12444 12444
500 7958 7937 7931
501 7967 7941 7952
502 7964 7947 7987
503 7966 7964 7980
504 7962 7978 7935
505 7967 7959 7945
506 7963 7919 7935
507 7965 7969 7902
508 7963 7947 7937
509 7967 7937 7884
510 7999 7951 7888
511 7966 7941 7926
512 7966 7977 7924
513 7960 7919 8005
514 7962 7937 7946
515 7964 7971 7985
516 7965 7972 7971
517 7966 7989 7993
518 7965 7996 8000
519 7972 7972 7958
520 7969 7977 7941
521 7958 7893 7980
522 7962 7950 7999
523 7964 7970 7954
524 7960 7934 7887
525 7964 7895 7947
526 7967 7979 7992
527 7968 7962 7972
528 8732 7998 7945
529 7970 7947 7856
530 7963 7945 7949
531 7967 7938 7958
532 7965 7992 7940
533 7972 7914 7941
534 7994 7973 7908
535 7967 7963 7937
536 7961 7984 7954
537 7964 7979 7945
538 7972 7927 7939
539 7962 7945 7955
540 7968 8017 7961
541 7964 7998 7930
542 7968 8008 7914
543 7968 7952 7938
544 7973 7968 7964
545 7963 8023 7918
546 7973 7984 7904
547 7968 7961 7958
548 7968 7914 7924
549 7971 7941 7955
550 7967 7932 8002
551 7968 7977 7910
552 7965 7957 7963
553 9412 7994 7986
554 7958 7945 7964
555 7964 7923 7944
556 7973 7938 7941
557 7985 7958 7961
558 7971 7931 7938
559 7969 7959 7974
560 7964 7941 7992
561 7971 7962 7937
562 7967 7969 7994
563 7957 7954 8024
564 7964 7898 7956
565 7962 7925 7912
566 7967 7987 7947
567 7966 7939 7919
568 7963 7954 7969
569 7967 7993 7952
570 7958 7931 7924
571 7968 7937 7985
572 9523 7963 7951
573 7974 7987 7959
574 9720 7977 7975
575 7959 7899 7964
576 7967 7939 7956
577 7964 7937 7954
578 7965 7925 7870
579 7965 7959 7944
580 7964 7970 7911
581 8001 7961 7895
582 7967 7982 7952
583 7965 8015 7910
584 7962 7911 7978
585 7967 7974 7925
586 7964 7973 7878
587 7964 7924 7978
588 7966 7923 7956
589 7968 7988 7931
590 7963 7994 7955
591 7975 7920 7908
592 7965 7953 7931
593 7973 7982 8009
594 7967 8001 7898
595 7965 7944 7931
596 7975 7980 7973
597 7969 7934 7987
598 7962 7948 7984
599 8692 7938 7915
600 7965 7941 7973
601 7969 7952 8036
602 7964 7960 7930
603 7971 7978 7863
604 7992 7964 7925
605 7969 7949 8003
606 8705 7965 7943
607 7964 7949 7907
608 7965 7967 7934
609 7958 7949 7976
610 7969 7917 7984
611 7971 7963 7917
612 7969 8025 7936
613 7968 7952 7935
614 7968 7931 7917
615 7966 7988 8006
616 9468 7988 7958
617 7972 7922 7956
618 7955 7972 7951
619 7970 7970 7950
620 7968 7960 7967
621 7969 7994 7882
622 7967 7910 8016
623 7960 7972 7986
624 7965 7993 7925
625 7965 7876 7949
626 7961 7963 7900
627 7967 7917 8020
628 7988 7963 7957
629 7966 7921 7939
630 9484 7956 7936
631 7966 7905 7955
632 7971 7987 7973
633 7965 7892 7924
634 7969 7895 7906
635 7963 7955 7986
636 7966 7966 7915
637 7962 7958 7948
638 7958 7950 7976
639 7961 7955 7928
640 9428 7966 7899
641 7968 7989 7939
642 7958 7934 7930
643 7959 7976 7956
644 7960 7953 7998
645 7966 7985 7967
646 7966 7899 7846
647 7967 7863 7905
648 7962 7932 7950
649 7966 7997 7939
650 7967 7948 7995
651 7990 7976 7985
652 7965 7944 7911
653 7973 7967 8020
654 7973 7995 7909
655 7966 8009 7997
656 7964 7970 8002
657 7956 7936 7947
658 7964 7989 7956
659 7986 7911 7875
660 8726 7957 7884
661 7966 8004 7995
662 7957 7897 7938
663 7962 7942 7977
664 7971 7972 7949
665 7966 7972 7959
666 7964 7925 7951
667 7967 7947 7993
668 7965 7930 7977
669 7964 7923 7869
670 7955 7965 7975
671 7966 7908 7947
672 7962 7945 7981
673 7972 7987 7924
674 7963 8033 8020
675 8000 7928 7966
676 7970 8017 7953
677 7963 7928 7974
678 7964 7932 7944
679 7968 7946 7905
680 7962 7924 7959
681 7966 7940 7921
682 7959 7944 7937
683 7963 7968 7982
684 7971 7950 7921
685 7966 7922 7964
686 7965 7976 7872
687 7959 8029 7943
688 7958 7948 7930
689 7964 8040 7967
690 7975 7967 7959
691 7971 7984 8001
692 7971 7974 7968
693 7956 7975 7890
694 7965 7954 7916
695 7967 7957 7924
696 7974 7943 7988
697 7974 7968 7915
698 7993 7953 7876
699 7968 7959 7953
700 7966 7963 8005
701 7960 7996 7980
702 7966 7928 7931
703 7971 7940 7957
704 7965 27246 8144
705 8335 7891 7959
706 7969 7963 7924
707 7967 7983 7924
708 7974 7988 7986
709 7962 7984 8010
710 7953 7963 7996
711 7962 7967 7944
712 7963 7953 7911
713 7959 7931 8000
714 7967 7963 7951
715 7968 7999 7937
716 9497 8044 7972
717 7960 7997 7987
718 7971 7994 7956
719 7958 7992 7954
720 7972 7961 7923
721 7959 8007 7929
722 7996 7992 7976
723 7968 7992 7913
724 7960 7940 7993
725 7966 7954 7932
726 7976 8011 7980
727 7963 7998 7979
728 7965 7947 7900
729 7962 7974 7997
730 7969 7921 7986
731 7964 7978 7997
732 7968 7924 7882
733 7968 7921 7932
734 7959 7919 7935
735 7967 7952 7990
736 7966 7984 7976
737 7967 8013 7960
738 7971 7897 7920
739 7975 7974 7972
740 7964 7911 7950
741 7964 7968 7942
742 7969 7980 7989
743 7970 7944 7948
744 7967 7968 7960
745 7995 7988 7959
746 7966 7973 7954
747 7971 7970 7955
748 7967 7921 7952
749 8732 7987 7935
750 7961 8008 7922
751 8370 24503 7973
752 7968 7992 7954
753 7971 8027 7948
754 7973 7983 7974
755 7969 7887 7935
756 7965 7969 7954
757 7972 7951 7942
758 7962 7961 8009
759 7971 7947 7942
760 7969 7944 7862
761 7972 7938 7978
762 7967 7943 8004
763 7967 8005 7919
764 7969 7977 7910
765 7975 7908 7931
766 7972 7960 7977
767 7966 7990 7928
768 7963 7997 7887
769 7987 7994 7938
770 7974 7940 7917
771 7963 7950 7983
772 7964 7991 7957
773 7959 7969 7917
774 7966 7893 7968
775 7971 7878 7951
776 7967 7931 7937
777 7968 7991 7976
778 7960 7980 7999
779 7960 7969 7932
780 7968 7954 8007
781 7965 7994 7977
782 7965 7953 7907
783 7964 7951 7909
784 7963 7937 7979
785 7966 7917 8007
786 7963 8004 7952
787 7961 7960 7964
788 7960 7966 7974
789 7964 7941 7974
790 7968 7984 7966
791 7968 7928 7981
792 8738 7955 7950
793 8722 8016 8007
794 7974 7977 7971
795 7966 7917 7954
796 7974 7890 7943
797 7968 7932 7977
798 7969 7998 7931
799 7966 7978 7888
800 7975 7891 7938
801 7972 7954 7987
802 7977 7922 7945
803 7971 8006 7913
804 9460 7965 8007
805 7961 7995 7940
806 7962 7999 7977
807 7960 7935 7937
808 7968 7931 8013
809 10489 8348 8398
810 11383 7986 8013
811 8659 7925 7962
812 7958 7960 7998
813 8831 24575 25267
814 10257 7939 7963
815 7959 8035 7971
816 7973 7986 7945
817 7965 7960 7981
818 8453 8178 8171
819 8177 8215 8126
820 9585 8148 8152
821 8170 8190 8157
822 8184 8149 8121
823 8171 8117 8120
824 8183 8158 8171
825 8170 8168 8206
826 8188 8191 8151
827 8170 8122 8241
828 8185 8135 8141
829 8163 8240 8184
830 8180 8141 8140
831 8182 8107 8120
832 8165 8231 8201
833 9659 8197 8227
834 8177 8220 8173
835 8178 8153 8174
836 8178 8224 8125
837 8177 8164 8209
838 8183 8149 8161
839 8172 8220 8250
840 8402 7916 7941
841 8351 8191 8188
842 9064 7945 8040
843 7971 7925 7896
844 7958 7943 7925
845 7952 7960 7965
846 7956 7926 7970
847 9504 8000 7934
848 7970 7970 8004
849 7959 7938 7903
850 7960 7943 7961
851 7955 7937 7953
852 7962 7974 7981
853 7959 7965 7938
854 7961 7909 7962
855 7962 8036 7935
856 8001 7924 7987
857 7954 7943 7951
858 7953 7949 7972
859 7959 7993 7941
860 7962 7974 7869
861 7956 7979 7941
862 7960 7948 8000
863 7961 7941 7949
864 7965 7943 7918
865 7967 8005 7914
866 7955 7942 7975
867 7961 8006 7922
868 7957 7902 7911
869 7953 7970 7987
870 7962 8005 7927
871 7964 7917 7911
872 7962 7970 7938
873 7958 7970 7990
874 7971 8022 7934
875 7967 7882 7952
876 8379 8182 8122
877 8295 7988 8008
878 7959 7967 7940
879 7986 7904 7976
880 7955 7970 8012
881 7958 7968 7932
882 7951 7941 7955
883 7962 7959 7964
884 7958 7984 7948
885 7961 7980 7937
886 7959 7893 7940
887 7950 7884 7927
888 7960 7964 7948
889 7955 7977 7937
890 7966 7958 7936
891 7950 7883 7914
892 7961 7912 7936
893 7967 7946 7944
894 7956 7941 7959
895 7954 7956 8046
896 7956 7976 7984
897 7953 7943 7878
898 7956 7940 7953
899 7959 7941 7961
900 7959 7939 7902
901 7958 7905 8025
902 7953 7951 7952
903 7985 7970 7935
904 7956 7924 7924
905 7961 7926 7948
906 7963 7945 7944
907 7957 7937 7945
908 7962 8003 7924
909 7953 7882 7983
910 7959 8001 7997
911 7960 7954 7977
912 7956 7875 7951
913 7955 7906 8004
914 7960 7914 7894
915 7957 7980 7943
916 7952 7912 7951
917 7950 7988 7972
918 7957 7877 7981
919 7958 7967 7904
920 7958 7937 7980
921 8712 7950 7945
922 7960 7935 7903
923 7957 7978 7938
924 7953 7944 7976
925 9449 8174 8232
926 11671 8237 8269
927 8198 8224 8194
928 8857 8458 8449
929 9302 8306 8212
930 9329 8386 24685
931 10409 8149 8222
932 8191 8225 8239
933 8960 8232 8351
934 9662 8136 8140
935 8192 8147 8188
936 8176 8211 8145
937 8178 8138 8131
938 8600 8419 8499
939 8587 8150 8194
940 8190 8146 8225
941 8188 8224 8137
942 8191 8195 8177
943 8935 8232 8171
944 8180 8172 8204
945 8187 8197 8115
946 8189 8202 8184
947 8181 8185 8145
948 8645 8501 8384
949 8917 8389 8381
950 8730 8577 8411
951 11630 8191 8158
952 8191 8187 8187
953 8184 8223 8162
954 8172 8191 8156
955 8256 8152 8164
956 8187 8187 8164
957 8187 8196 8237
958 8182 8133 8170
959 8184 8170 8135
960 8186 8203 8198
961 8184 8101 8161
962 8182 8182 8118
963 8180 8179 8131
964 8185 8185 8197
965 8182 8214 8179
966 8185 8165 8135
967 8179 8137 8205
968 8189 8240 8165
969 8174 8197 8176
970 8185 8175 8172
971 8186 8175 8174
972 8184 8148 8182
973 8188 8178 8186
974 8188 8156 8167
975 8177 8189 8178
976 8191 8220 8076
977 8344 8014 8013
978 7970 7924 7934
979 7975 7947 7897
980 7977 7956 7947
981 7985 7978 7957
982 7971 8000 7929
983 7968 7957 7984
984 7968 8006 7915
985 7979 7945 7936
986 7975 7951 7957
987 7974 7960 7944
988 7975 7987 7950
989 7970 7940 7984
990 7970 8010 7983
991 7974 8043 7949
992 7964 7984 7991
993 7974 7960 8043
994 7972 7972 8002
995 7971 8054 7955
996 7973 7963 7961
997 7964 7963 7927
998 7969 7964 7902
999 7972 7932 7924
1000 3441 3451 3435
